-1.00000
-1.00000
-1.00000
-1.00000
-1.00000
-1.00000
-1.00000
-1.00000
-1.00000
-1.00000
-1.00000
-1.00000
-1.00000
-1.00000
-1.00000
-1.00000
-1.00000
-1.00000
-1.00000
-1.00000
-1.00000
-1.00000
-1.00000
-1.00000
-1.00000
-1.00000
-1.00000
-1.00000
-1.00000
-1.00000
-1.00000
-1.00000
-1.00000
-1.00000
-1.00000
-1.00000
-1.00000
-1.00000
-1.00000
-1.00000
-1.00000
-1.00000
-1.00000
-1.00000
-1.00000
-1.00000
-1.00000
-1.00000
-1.00000
-1.00000
-1.00000
-1.00000
-1.00000
-1.00000
-1.00000
-1.00000
-1.00000
-1.00000
-1.00000
-1.00000
-1.00000
-1.00000
-1.00000
-1.00000
-1.00000
-1.00000
-1.00000
-1.00000
-1.00000
-1.00000
-1.00000
-1.00000
-1.00000
-1.00000
-1.00000
-1.00000
-1.00000
-1.00000
-1.00000
-1.00000
-1.00000
-1.00000
-1.00000
-1.00000
-1.00000
-1.00000
-1.00000
-1.00000
-1.00000
-1.00000
-1.00000
-1.00000
-1.00000
-1.00000
-1.00000
-1.00000
-1.00000
-1.00000
-1.00000
-1.00000
-1.00000
-1.00000
-1.00000
-1.00000
-1.00000
-1.00000
-1.00000
-1.00000
-1.00000
-1.00000
-1.00000
-1.00000
-1.00000
-1.00000
-1.00000
-1.00000
-1.00000
-1.00000
-1.00000
-1.00000
-1.00000
-1.00000
-1.00000
-1.00000
-1.00000
-1.00000
-1.00000
-1.00000
-1.00000
-1.00000
-1.00000
-1.00000
-1.00000
-1.00000
-1.00000
-1.00000
-1.00000
-1.00000
-1.00000
-1.00000
-1.00000
-1.00000
-1.00000
-1.00000
-1.00000
-1.00000
-1.00000
-1.00000
-1.00000
-1.00000
-1.00000
-1.00000
-1.00000
-1.00000
-1.00000
-1.00000
-1.00000
-1.00000
-1.00000
-1.00000
-1.00000
-1.00000
-1.00000
-1.00000
-1.00000
-1.00000
-1.00000
-1.00000
-1.00000
-1.00000
-1.00000
-1.00000
-1.00000
-1.00000
-1.00000
-1.00000
-1.00000
-1.00000
-1.00000
-1.00000
-1.00000
-1.00000
-1.00000
-1.00000
-1.00000
-1.00000
-1.00000
-1.00000
-1.00000
-1.00000
-1.00000
-1.00000
-1.00000
-1.00000
-1.00000
-1.00000
-1.00000
-1.00000
-1.00000
-1.00000
-1.00000
-1.00000
-1.00000
-1.00000
-1.00000
-1.00000
-1.00000
-1.00000
-1.00000
-1.00000
-1.00000
-1.00000
-1.00000
-1.00000
-1.00000
-1.00000
-1.00000
-1.00000
-1.00000
-1.00000
-1.00000
-1.00000
-1.00000
-1.00000
-1.00000
-1.00000
-1.00000
-1.00000
-1.00000
-1.00000
-1.00000
-1.00000
-1.00000
-1.00000
-1.00000
-1.00000
-1.00000
-1.00000
-1.00000
-1.00000
-1.00000
-1.00000
-1.00000
-1.00000
-1.00000
-1.00000
-1.00000
-1.00000
-1.00000
-1.00000
-1.00000
-1.00000
-1.00000
-1.00000
-1.00000
-1.00000
-1.00000
-1.00000
-1.00000
-1.00000
-1.00000
-1.00000
-1.00000
-1.00000
-1.00000
-1.00000
-1.00000
-1.00000
-1.00000
-1.00000
-1.00000
-1.00000
-1.00000
-1.00000
-1.00000
-1.00000
-1.00000
-1.00000
-1.00000
-1.00000
-1.00000
-1.00000
-1.00000
-1.00000
-1.00000
-1.00000
-1.00000
-1.00000
-1.00000
-1.00000
-1.00000
-1.00000
-1.00000
-1.00000
-1.00000
-1.00000
-1.00000
-1.00000
-1.00000
-1.00000
-1.00000
-1.00000
-1.00000
-1.00000
-1.00000
-1.00000
-1.00000
-1.00000
-1.00000
-1.00000
-1.00000
-1.00000
-1.00000
-1.00000
-1.00000
-1.00000
-1.00000
-1.00000
-1.00000
-1.00000
-1.00000
-1.00000
-1.00000
-1.00000
-1.00000
-1.00000
-1.00000
-1.00000
-1.00000
-1.00000
-1.00000
-1.00000
-1.00000
-1.00000
-1.00000
-1.00000
-1.00000
-1.00000
-1.00000
-1.00000
-1.00000
-1.00000
-1.00000
-1.00000
-1.00000
-1.00000
-1.00000
-1.00000
-1.00000
-1.00000
-1.00000
-1.00000
-1.00000
-1.00000
-1.00000
-1.00000
-0.99999
-0.99999
-0.99999
-0.99999
-0.99999
-0.99999
-0.99999
-0.99999
-0.99999
-0.99999
-0.99999
-0.99999
-0.99999
-0.99999
-0.99999
-0.99999
-0.99999
-0.99999
-0.99999
-0.99999
-0.99999
-0.99999
-0.99999
-0.99999
-0.99999
-0.99999
-0.99999
-0.99999
-0.99999
-0.99999
-0.99999
-0.99999
-0.99999
-0.99999
-0.99999
-0.99999
-0.99999
-0.99999
-0.99999
-0.99999
-0.99999
-0.99999
-0.99999
-0.99999
-0.99999
-0.99999
-0.99999
-0.99999
-0.99999
-0.99999
-0.99999
-0.99999
-0.99999
-0.99999
-0.99999
-0.99998
-0.99998
-0.99998
-0.99998
-0.99998
-0.99998
-0.99998
-0.99998
-0.99998
-0.99998
-0.99998
-0.99998
-0.99998
-0.99998
-0.99998
-0.99998
-0.99998
-0.99998
-0.99998
-0.99998
-0.99998
-0.99998
-0.99998
-0.99998
-0.99998
-0.99997
-0.99997
-0.99997
-0.99997
-0.99997
-0.99997
-0.99997
-0.99997
-0.99997
-0.99997
-0.99997
-0.99997
-0.99997
-0.99997
-0.99997
-0.99997
-0.99997
-0.99996
-0.99996
-0.99996
-0.99996
-0.99996
-0.99996
-0.99996
-0.99996
-0.99996
-0.99996
-0.99996
-0.99996
-0.99995
-0.99995
-0.99995
-0.99995
-0.99995
-0.99995
-0.99995
-0.99995
-0.99995
-0.99995
-0.99994
-0.99994
-0.99994
-0.99994
-0.99994
-0.99994
-0.99994
-0.99994
-0.99994
-0.99993
-0.99993
-0.99993
-0.99993
-0.99993
-0.99993
-0.99993
-0.99992
-0.99992
-0.99992
-0.99992
-0.99992
-0.99992
-0.99991
-0.99991
-0.99991
-0.99991
-0.99991
-0.99991
-0.99990
-0.99990
-0.99990
-0.99990
-0.99990
-0.99989
-0.99989
-0.99989
-0.99989
-0.99988
-0.99988
-0.99988
-0.99988
-0.99987
-0.99987
-0.99987
-0.99987
-0.99986
-0.99986
-0.99986
-0.99986
-0.99985
-0.99985
-0.99985
-0.99984
-0.99984
-0.99984
-0.99983
-0.99983
-0.99983
-0.99982
-0.99982
-0.99982
-0.99981
-0.99981
-0.99981
-0.99980
-0.99980
-0.99979
-0.99979
-0.99979
-0.99978
-0.99978
-0.99977
-0.99977
-0.99976
-0.99976
-0.99975
-0.99975
-0.99974
-0.99974
-0.99973
-0.99973
-0.99972
-0.99972
-0.99971
-0.99970
-0.99970
-0.99969
-0.99969
-0.99968
-0.99967
-0.99967
-0.99966
-0.99965
-0.99965
-0.99964
-0.99963
-0.99962
-0.99962
-0.99961
-0.99960
-0.99959
-0.99958
-0.99958
-0.99957
-0.99956
-0.99955
-0.99954
-0.99953
-0.99952
-0.99951
-0.99950
-0.99949
-0.99948
-0.99947
-0.99946
-0.99945
-0.99944
-0.99943
-0.99942
-0.99940
-0.99939
-0.99938
-0.99937
-0.99936
-0.99934
-0.99933
-0.99932
-0.99930
-0.99929
-0.99927
-0.99926
-0.99924
-0.99923
-0.99921
-0.99920
-0.99918
-0.99916
-0.99915
-0.99913
-0.99911
-0.99909
-0.99908
-0.99906
-0.99904
-0.99902
-0.99900
-0.99898
-0.99896
-0.99894
-0.99892
-0.99889
-0.99887
-0.99885
-0.99883
-0.99880
-0.99878
-0.99875
-0.99873
-0.99870
-0.99868
-0.99865
-0.99862
-0.99859
-0.99857
-0.99854
-0.99851
-0.99848
-0.99845
-0.99842
-0.99838
-0.99835
-0.99832
-0.99828
-0.99825
-0.99821
-0.99818
-0.99814
-0.99810
-0.99806
-0.99803
-0.99799
-0.99795
-0.99790
-0.99786
-0.99782
-0.99777
-0.99773
-0.99768
-0.99764
-0.99759
-0.99754
-0.99749
-0.99744
-0.99739
-0.99734
-0.99728
-0.99723
-0.99717
-0.99711
-0.99706
-0.99700
-0.99694
-0.99687
-0.99681
-0.99675
-0.99668
-0.99661
-0.99655
-0.99648
-0.99641
-0.99633
-0.99626
-0.99618
-0.99611
-0.99603
-0.99595
-0.99587
-0.99578
-0.99570
-0.99561
-0.99552
-0.99543
-0.99534
-0.99525
-0.99515
-0.99505
-0.99495
-0.99485
-0.99475
-0.99464
-0.99453
-0.99442
-0.99431
-0.99420
-0.99408
-0.99396
-0.99384
-0.99372
-0.99359
-0.99346
-0.99333
-0.99319
-0.99306
-0.99292
-0.99277
-0.99263
-0.99248
-0.99233
-0.99218
-0.99202
-0.99186
-0.99169
-0.99153
-0.99136
-0.99118
-0.99100
-0.99082
-0.99064
-0.99045
-0.99026
-0.99006
-0.98986
-0.98966
-0.98945
-0.98924
-0.98902
-0.98880
-0.98858
-0.98835
-0.98811
-0.98788
-0.98763
-0.98738
-0.98713
-0.98687
-0.98661
-0.98634
-0.98607
-0.98579
-0.98550
-0.98521
-0.98492
-0.98461
-0.98430
-0.98399
-0.98367
-0.98334
-0.98301
-0.98267
-0.98232
-0.98197
-0.98161
-0.98124
-0.98086
-0.98048
-0.98009
-0.97969
-0.97929
-0.97887
-0.97845
-0.97802
-0.97758
-0.97713
-0.97668
-0.97621
-0.97573
-0.97525
-0.97476
-0.97425
-0.97374
-0.97322
-0.97268
-0.97214
-0.97158
-0.97102
-0.97044
-0.96985
-0.96925
-0.96864
-0.96802
-0.96738
-0.96674
-0.96607
-0.96540
-0.96471
-0.96401
-0.96330
-0.96257
-0.96183
-0.96108
-0.96031
-0.95952
-0.95872
-0.95790
-0.95707
-0.95622
-0.95536
-0.95448
-0.95358
-0.95266
-0.95173
-0.95078
-0.94981
-0.94882
-0.94781
-0.94679
-0.94574
-0.94467
-0.94359
-0.94248
-0.94135
-0.94020
-0.93903
-0.93784
-0.93662
-0.93539
-0.93412
-0.93284
-0.93153
-0.93019
-0.92883
-0.92745
-0.92603
-0.92460
-0.92313
-0.92164
-0.92012
-0.91857
-0.91700
-0.91539
-0.91375
-0.91209
-0.91039
-0.90866
-0.90690
-0.90511
-0.90329
-0.90143
-0.89954
-0.89761
-0.89565
-0.89366
-0.89163
-0.88956
-0.88745
-0.88531
-0.88313
-0.88091
-0.87865
-0.87635
-0.87401
-0.87162
-0.86920
-0.86673
-0.86423
-0.86167
-0.85907
-0.85643
-0.85374
-0.85101
-0.84823
-0.84540
-0.84252
-0.83959
-0.83662
-0.83359
-0.83052
-0.82739
-0.82421
-0.82097
-0.81769
-0.81435
-0.81095
-0.80750
-0.80399
-0.80043
-0.79680
-0.79312
-0.78938
-0.78559
-0.78173
-0.77781
-0.77383
-0.76978
-0.76568
-0.76151
-0.75727
-0.75298
-0.74861
-0.74418
-0.73969
-0.73513
-0.73050
-0.72580
-0.72103
-0.71620
-0.71129
-0.70631
-0.70127
-0.69615
-0.69096
-0.68570
-0.68036
-0.67496
-0.66947
-0.66392
-0.65829
-0.65259
-0.64681
-0.64095
-0.63502
-0.62902
-0.62294
-0.61678
-0.61054
-0.60423
-0.59785
-0.59138
-0.58484
-0.57822
-0.57153
-0.56475
-0.55790
-0.55098
-0.54398
-0.53690
-0.52974
-0.52251
-0.51520
-0.50782
-0.50036
-0.49282
-0.48522
-0.47753
-0.46978
-0.46195
-0.45404
-0.44607
-0.43802
-0.42991
-0.42172
-0.41346
-0.40514
-0.39675
-0.38829
-0.37976
-0.37117
-0.36252
-0.35380
-0.34502
-0.33618
-0.32728
-0.31832
-0.30931
-0.30024
-0.29111
-0.28193
-0.27270
-0.26342
-0.25409
-0.24471
-0.23528
-0.22582
-0.21630
-0.20675
-0.19716
-0.18753
-0.17786
-0.16816
-0.15843
-0.14866
-0.13887
-0.12905
-0.11920
-0.10933
-9.94437e-2
-8.95328e-2
-7.96041e-2
-6.96597e-2
-5.97014e-2
-4.97312e-2
-3.97511e-2
-2.97630e-2
-1.97690e-2
-9.77102e-3
2.28875e-4
1.02288e-2
2.02266e-2
3.02204e-2
4.02081e-2
5.01878e-2
6.01575e-2
7.01152e-2
8.00590e-2
8.99868e-2
9.98969e-2
0.10979
0.11966
0.12950
0.13932
0.14911
0.15888
0.16861
0.17831
0.18797
0.19760
0.20719
0.21674
0.22625
0.23572
0.24514
0.25452
0.26384
0.27312
0.28235
0.29153
0.30065
0.30972
0.31873
0.32769
0.33659
0.34542
0.35420
0.36291
0.37157
0.38015
0.38868
0.39713
0.40552
0.41384
0.42210
0.43028
0.43839
0.44644
0.45441
0.46231
0.47013
0.47789
0.48557
0.49317
0.50070
0.50816
0.51554
0.52284
0.53007
0.53722
0.54430
0.55130
0.55822
0.56507
0.57183
0.57853
0.58514
0.59168
0.59814
0.60452
0.61083
0.61706
0.62322
0.62929
0.63530
0.64122
0.64707
0.65285
0.65855
0.66417
0.66973
0.67520
0.68061
0.68594
0.69120
0.69639
0.70150
0.70654
0.71152
0.71642
0.72125
0.72602
0.73071
0.73534
0.73990
0.74439
0.74881
0.75317
0.75747
0.76170
0.76587
0.76997
0.77401
0.77799
0.78190
0.78576
0.78956
0.79329
0.79697
0.80059
0.80415
0.80766
0.81111
0.81450
0.81784
0.82112
0.82435
0.82753
0.83066
0.83373
0.83676
0.83973
0.84265
0.84553
0.84836
0.85114
0.85387
0.85655
0.85919
0.86179
0.86434
0.86685
0.86931
0.87173
0.87411
0.87645
0.87875
0.88101
0.88323
0.88541
0.88755
0.88965
0.89172
0.89375
0.89574
0.89770
0.89963
0.90152
0.90337
0.90520
0.90699
0.90874
0.91047
0.91216
0.91383
0.91546
0.91707
0.91864
0.92019
0.92171
0.92320
0.92466
0.92610
0.92751
0.92889
0.93025
0.93159
0.93290
0.93418
0.93544
0.93668
0.93790
0.93909
0.94026
0.94141
0.94253
0.94364
0.94472
0.94579
0.94683
0.94786
0.94887
0.94985
0.95082
0.95177
0.95270
0.95362
0.95452
0.95540
0.95626
0.95711
0.95794
0.95876
0.95956
0.96034
0.96111
0.96187
0.96261
0.96333
0.96405
0.96475
0.96543
0.96611
0.96677
0.96741
0.96805
0.96867
0.96928
0.96988
0.97047
0.97104
0.97161
0.97216
0.97271
0.97324
0.97376
0.97428
0.97478
0.97527
0.97576
0.97623
0.97670
0.97715
0.97760
0.97804
0.97847
0.97889
0.97930
0.97971
0.98011
0.98050
0.98088
0.98126
0.98162
0.98198
0.98234
0.98268
0.98302
0.98336
0.98368
0.98400
0.98432
0.98463
0.98493
0.98523
0.98552
0.98580
0.98608
0.98635
0.98662
0.98689
0.98714
0.98740
0.98764
0.98789
0.98813
0.98836
0.98859
0.98881
0.98903
0.98925
0.98946
0.98967
0.98987
0.99007
0.99027
0.99046
0.99065
0.99083
0.99101
0.99119
0.99136
0.99153
0.99170
0.99186
0.99202
0.99218
0.99234
0.99249
0.99264
0.99278
0.99292
0.99306
0.99320
0.99333
0.99347
0.99359
0.99372
0.99385
0.99397
0.99409
0.99420
0.99432
0.99443
0.99454
0.99465
0.99475
0.99486
0.99496
0.99506
0.99516
0.99525
0.99534
0.99544
0.99553
0.99562
0.99570
0.99579
0.99587
0.99595
0.99603
0.99611
0.99619
0.99626
0.99634
0.99641
0.99648
0.99655
0.99662
0.99668
0.99675
0.99681
0.99688
0.99694
0.99700
0.99706
0.99712
0.99717
0.99723
0.99728
0.99734
0.99739
0.99744
0.99749
0.99754
0.99759
0.99764
0.99769
0.99773
0.99778
0.99782
0.99786
0.99791
0.99795
0.99799
0.99803
0.99807
0.99810
0.99814
0.99818
0.99822
0.99825
0.99829
0.99832
0.99835
0.99838
0.99842
0.99845
0.99848
0.99851
0.99854
0.99857
0.99860
0.99862
0.99865
0.99868
0.99870
0.99873
0.99875
0.99878
0.99880
0.99883
0.99885
0.99887
0.99890
0.99892
0.99894
0.99896
0.99898
0.99900
0.99902
0.99904
0.99906
0.99908
0.99910
0.99911
0.99913
0.99915
0.99916
0.99918
0.99920
0.99921
0.99923
0.99924
0.99926
0.99927
0.99929
0.99930
0.99932
0.99933
0.99934
0.99936
0.99937
0.99938
0.99939
0.99941
0.99942
0.99943
0.99944
0.99945
0.99946
0.99947
0.99948
0.99949
0.99950
0.99951
0.99952
0.99953
0.99954
0.99955
0.99956
0.99957
0.99958
0.99959
0.99959
0.99960
0.99961
0.99962
0.99962
0.99963
0.99964
0.99965
0.99965
0.99966
0.99967
0.99967
0.99968
0.99969
0.99969
0.99970
0.99970
0.99971
0.99972
0.99972
0.99973
0.99973
0.99974
0.99974
0.99975
0.99975
0.99976
0.99976
0.99977
0.99977
0.99978
0.99978
0.99979
0.99979
0.99979
0.99980
0.99980
0.99981
0.99981
0.99981
0.99982
0.99982
0.99982
0.99983
0.99983
0.99983
0.99984
0.99984
0.99984
0.99985
0.99985
0.99985
0.99986
0.99986
0.99986
0.99986
0.99987
0.99987
0.99987
0.99988
0.99988
0.99988
0.99988
0.99988
0.99989
0.99989
0.99989
0.99989
0.99990
0.99990
0.99990
0.99990
0.99990
0.99991
0.99991
0.99991
0.99991
0.99991
0.99991
0.99992
0.99992
0.99992
0.99992
0.99992
0.99992
0.99993
0.99993
0.99993
0.99993
0.99993
0.99993
0.99993
0.99994
0.99994
0.99994
0.99994
0.99994
0.99994
0.99994
0.99994
0.99994
0.99995
0.99995
0.99995
0.99995
0.99995
0.99995
0.99995
0.99995
0.99995
0.99995
0.99996
0.99996
0.99996
0.99996
0.99996
0.99996
0.99996
0.99996
0.99996
0.99996
0.99996
0.99996
0.99997
0.99997
0.99997
0.99997
0.99997
0.99997
0.99997
0.99997
0.99997
0.99997
0.99997
0.99997
0.99997
0.99997
0.99997
0.99997
0.99997
0.99998
0.99998
0.99998
0.99998
0.99998
0.99998
0.99998
0.99998
0.99998
0.99998
0.99998
0.99998
0.99998
0.99998
0.99998
0.99998
0.99998
0.99998
0.99998
0.99998
0.99998
0.99998
0.99998
0.99998
0.99998
0.99999
0.99999
0.99999
0.99999
0.99999
0.99999
0.99999
0.99999
0.99999
0.99999
0.99999
0.99999
0.99999
0.99999
0.99999
0.99999
0.99999
0.99999
0.99999
0.99999
0.99999
0.99999
0.99999
0.99999
0.99999
0.99999
0.99999
0.99999
0.99999
0.99999
0.99999
0.99999
0.99999
0.99999
0.99999
0.99999
0.99999
0.99999
0.99999
0.99999
0.99999
0.99999
0.99999
0.99999
0.99999
0.99999
0.99999
0.99999
0.99999
0.99999
0.99999
0.99999
0.99999
0.99999
0.99999
1.00000
1.00000
1.00000
1.00000
1.00000
1.00000
1.00000
1.00000
1.00000
1.00000
1.00000
1.00000
1.00000
1.00000
1.00000
1.00000
1.00000
1.00000
1.00000
1.00000
1.00000
1.00000
1.00000
1.00000
1.00000
1.00000
1.00000
1.00000
1.00000
1.00000
1.00000
1.00000
1.00000
1.00000
1.00000
1.00000
1.00000
1.00000
1.00000
1.00000
1.00000
1.00000
1.00000
1.00000
1.00000
1.00000
1.00000
1.00000
1.00000
1.00000
1.00000
1.00000
1.00000
1.00000
1.00000
1.00000
1.00000
1.00000
1.00000
1.00000
1.00000
1.00000
1.00000
1.00000
1.00000
1.00000
1.00000
1.00000
1.00000
1.00000
1.00000
1.00000
1.00000
1.00000
1.00000
1.00000
1.00000
1.00000
1.00000
1.00000
1.00000
1.00000
1.00000
1.00000
1.00000
1.00000
1.00000
1.00000
1.00000
1.00000
1.00000
1.00000
1.00000
1.00000
1.00000
1.00000
1.00000
1.00000
1.00000
1.00000
1.00000
1.00000
1.00000
1.00000
1.00000
1.00000
1.00000
1.00000
1.00000
1.00000
1.00000
1.00000
1.00000
1.00000
1.00000
1.00000
1.00000
1.00000
1.00000
1.00000
1.00000
1.00000
1.00000
1.00000
1.00000
1.00000
1.00000
1.00000
1.00000
1.00000
1.00000
1.00000
1.00000
1.00000
1.00000
1.00000
1.00000
1.00000
1.00000
1.00000
1.00000
1.00000
1.00000
1.00000
1.00000
1.00000
1.00000
1.00000
1.00000
1.00000
1.00000
1.00000
1.00000
1.00000
1.00000
1.00000
1.00000
1.00000
1.00000
1.00000
1.00000
1.00000
1.00000
1.00000
1.00000
1.00000
1.00000
1.00000
1.00000
1.00000
1.00000
1.00000
1.00000
1.00000
1.00000
1.00000
1.00000
1.00000
1.00000
1.00000
1.00000
1.00000
1.00000
1.00000
1.00000
1.00000
1.00000
1.00000
1.00000
1.00000
1.00000
1.00000
1.00000
1.00000
1.00000
1.00000
1.00000
1.00000
1.00000
1.00000
1.00000
1.00000
1.00000
1.00000
1.00000
1.00000
1.00000
1.00000
1.00000
1.00000
1.00000
1.00000
1.00000
1.00000
1.00000
1.00000
1.00000
1.00000
1.00000
1.00000
1.00000
1.00000
1.00000
1.00000
1.00000
1.00000
1.00000
1.00000
1.00000
1.00000
1.00000
1.00000
1.00000
1.00000
1.00000
1.00000
1.00000
1.00000
1.00000
1.00000
1.00000
1.00000
1.00000
1.00000
1.00000
1.00000
1.00000
1.00000
1.00000
1.00000
1.00000
1.00000
1.00000
1.00000
1.00000
1.00000
1.00000
1.00000
1.00000
1.00000
1.00000
1.00000
1.00000
1.00000
1.00000
1.00000
1.00000
1.00000
1.00000
1.00000
1.00000
1.00000
1.00000
1.00000
1.00000
1.00000
1.00000
1.00000
1.00000
1.00000
1.00000
1.00000
1.00000
1.00000
1.00000
1.00000
1.00000
1.00000
1.00000
1.00000
1.00000
1.00000
1.00000
1.00000
1.00000
1.00000
1.00000
1.00000
1.00000
1.00000
1.00000
1.00000
1.00000
1.00000
1.00000
1.00000
1.00000
1.00000
1.00000
1.00000
1.00000
1.00000
1.00000
1.00000
1.00000
1.00000
1.00000
1.00000
1.00000
1.00000
1.00000
1.00000
1.00000
1.00000
1.00000
1.00000
1.00000
1.00000
1.00000
1.00000
1.00000
1.00000
1.00000
1.00000
1.00000
1.00000
1.00000
1.00000
1.00000
1.00000
1.00000
1.00000
1.00000
1.00000
1.00000
1.00000
1.00000
1.00000
1.00000
1.00000
1.00000
1.00000
1.00000
1.00000
1.00000
1.00000
