4.54177e-5
4.58945e-5
4.63713e-5
4.67290e-5
4.72058e-5
4.76826e-5
4.81594e-5
4.86362e-5
4.92322e-5
4.97090e-5
5.01859e-5
5.06627e-5
5.11395e-5
5.17355e-5
5.22123e-5
5.26891e-5
5.32851e-5
5.37619e-5
5.43580e-5
5.49540e-5
5.54308e-5
5.60268e-5
5.66228e-5
5.70996e-5
5.76956e-5
5.82916e-5
5.88877e-5
5.94837e-5
6.00797e-5
6.06757e-5
6.12717e-5
6.18677e-5
6.24637e-5
6.31789e-5
6.37749e-5
6.43709e-5
6.50862e-5
6.56822e-5
6.63974e-5
6.71126e-5
6.77086e-5
6.84238e-5
6.91390e-5
6.97350e-5
7.04502e-5
7.11654e-5
7.18806e-5
7.25958e-5
7.33110e-5
7.41454e-5
7.48606e-5
7.55758e-5
7.64102e-5
7.71254e-5
7.79598e-5
7.86750e-5
7.95094e-5
8.02246e-5
8.10590e-5
8.18934e-5
8.27278e-5
8.35622e-5
8.43966e-5
8.52310e-5
8.60654e-5
8.70190e-5
8.78534e-5
8.86878e-5
8.96414e-5
9.04758e-5
9.14294e-5
9.23829e-5
9.32173e-5
9.41709e-5
9.51245e-5
9.60781e-5
9.70317e-5
9.81044e-5
9.90580e-5
1.00012e-4
1.01084e-4
1.02038e-4
1.03111e-4
1.04064e-4
1.05137e-4
1.06210e-4
1.07283e-4
1.08355e-4
1.09428e-4
1.10501e-4
1.11693e-4
1.12766e-4
1.13958e-4
1.15030e-4
1.16222e-4
1.17414e-4
1.18606e-4
1.19798e-4
1.20990e-4
1.22182e-4
1.23374e-4
1.24685e-4
1.25877e-4
1.27188e-4
1.28499e-4
1.29691e-4
1.31002e-4
1.32314e-4
1.33625e-4
1.35055e-4
1.36366e-4
1.37796e-4
1.39108e-4
1.40538e-4
1.41968e-4
1.43398e-4
1.44829e-4
1.46259e-4
1.47689e-4
1.49239e-4
1.50669e-4
1.52219e-4
1.53768e-4
1.55318e-4
1.56867e-4
1.58417e-4
1.60085e-4
1.61635e-4
1.63303e-4
1.64972e-4
1.66522e-4
1.68309e-4
1.69978e-4
1.71647e-4
1.73315e-4
1.75103e-4
1.76891e-4
1.78679e-4
1.80467e-4
1.82254e-4
1.84042e-4
1.85949e-4
1.87856e-4
1.89644e-4
1.91551e-4
1.93577e-4
1.95484e-4
1.97391e-4
1.99417e-4
2.01443e-4
2.03470e-4
2.05496e-4
2.07522e-4
2.09667e-4
2.11812e-4
2.13839e-4
2.15984e-4
2.18248e-4
2.20394e-4
2.22658e-4
2.24803e-4
2.27068e-4
2.29452e-4
2.31716e-4
2.33980e-4
2.36364e-4
2.38748e-4
2.41131e-4
2.43634e-4
2.46018e-4
2.48521e-4
2.51023e-4
2.53526e-4
2.56029e-4
2.58651e-4
2.61273e-4
2.63895e-4
2.66516e-4
2.69138e-4
2.71879e-4
2.74620e-4
2.77362e-4
2.80222e-4
2.82963e-4
2.85823e-4
2.88683e-4
2.91663e-4
2.94523e-4
2.97502e-4
3.00481e-4
3.03461e-4
3.06559e-4
3.09658e-4
3.12756e-4
3.15855e-4
3.19072e-4
3.22290e-4
3.25508e-4
3.28725e-4
3.32062e-4
3.35399e-4
3.38735e-4
3.42191e-4
3.45647e-4
3.49103e-4
3.52559e-4
3.56134e-4
3.59709e-4
3.63403e-4
3.66978e-4
3.70672e-4
3.74366e-4
3.78180e-4
3.81993e-4
3.85806e-4
3.89738e-4
3.93552e-4
3.97603e-4
4.01535e-4
4.05587e-4
4.09638e-4
4.13809e-4
4.17980e-4
4.22150e-4
4.26440e-4
4.30730e-4
4.35019e-4
4.39428e-4
4.43837e-4
4.48246e-4
4.52774e-4
4.57301e-4
4.61948e-4
4.66476e-4
4.71242e-4
4.76009e-4
4.80775e-4
4.85541e-4
4.90426e-4
4.95430e-4
5.00315e-4
5.05439e-4
5.10443e-4
5.15566e-4
5.20809e-4
5.26051e-4
5.31294e-4
5.36655e-4
5.42017e-4
5.47498e-4
5.52978e-4
5.58578e-4
5.64178e-4
5.69777e-4
5.75496e-4
5.81334e-4
5.87172e-4
5.93010e-4
5.98967e-4
6.05043e-4
6.11118e-4
6.17194e-4
6.23389e-4
6.29704e-4
6.36018e-4
6.42451e-4
6.48884e-4
6.55436e-4
6.61988e-4
6.68660e-4
6.75331e-4
6.82121e-4
6.89031e-4
6.95940e-4
7.02849e-4
7.09997e-4
7.17144e-4
7.24292e-4
7.31558e-4
7.38944e-4
7.46329e-4
7.53834e-4
7.61457e-4
7.69081e-4
7.76824e-4
7.84566e-4
7.92547e-4
8.00408e-4
8.08508e-4
8.16608e-4
8.24826e-4
8.33164e-4
8.41502e-4
8.49959e-4
8.58415e-4
8.67110e-4
8.75805e-4
8.84618e-4
8.93432e-4
9.02484e-4
9.11535e-4
9.20706e-4
9.29877e-4
9.39286e-4
9.48694e-4
9.58222e-4
9.67869e-4
9.77634e-4
9.87400e-4
9.97284e-4
1.00741e-3
1.01741e-3
1.02765e-3
1.03801e-3
1.04849e-3
1.05897e-3
1.06957e-3
1.08041e-3
1.09124e-3
1.10220e-3
1.11327e-3
1.12446e-3
1.13566e-3
1.14709e-3
1.15864e-3
1.17031e-3
1.18210e-3
1.19388e-3
1.20591e-3
1.21805e-3
1.23020e-3
1.24258e-3
1.25508e-3
1.26770e-3
1.28044e-3
1.29330e-3
1.30628e-3
1.31937e-3
1.33259e-3
1.34604e-3
1.35949e-3
1.37318e-3
1.38699e-3
1.40092e-3
1.41497e-3
1.42925e-3
1.44354e-3
1.45806e-3
1.47270e-3
1.48746e-3
1.50246e-3
1.51757e-3
1.53281e-3
1.54816e-3
1.56376e-3
1.57935e-3
1.59530e-3
1.61125e-3
1.62743e-3
1.64386e-3
1.66028e-3
1.67694e-3
1.69384e-3
1.71086e-3
1.72799e-3
1.74537e-3
1.76286e-3
1.78059e-3
1.79844e-3
1.81653e-3
1.83473e-3
1.85318e-3
1.87186e-3
1.89066e-3
1.90958e-3
1.92873e-3
1.94813e-3
1.96764e-3
1.98739e-3
2.00738e-3
2.02760e-3
2.04794e-3
2.06852e-3
2.08922e-3
2.11016e-3
2.13145e-3
2.15275e-3
2.17440e-3
2.19628e-3
2.21829e-3
2.24053e-3
2.26301e-3
2.28573e-3
2.30868e-3
2.33187e-3
2.35530e-3
2.37897e-3
2.40287e-3
2.42690e-3
2.45127e-3
2.47589e-3
2.50074e-3
2.52583e-3
2.55128e-3
2.57684e-3
2.60264e-3
2.62880e-3
2.65520e-3
2.68183e-3
2.70882e-3
2.73592e-3
2.76338e-3
2.79120e-3
2.81914e-3
2.84743e-3
2.87608e-3
2.90484e-3
2.93408e-3
2.96344e-3
2.99327e-3
3.02322e-3
3.05365e-3
3.08431e-3
3.11521e-3
3.14646e-3
3.17807e-3
3.20992e-3
3.24212e-3
3.27468e-3
3.30747e-3
3.34074e-3
3.37424e-3
3.40810e-3
3.44232e-3
3.47677e-3
3.51169e-3
3.54697e-3
3.58249e-3
3.61848e-3
3.65471e-3
3.69141e-3
3.72846e-3
3.76587e-3
3.80364e-3
3.84176e-3
3.88035e-3
3.91918e-3
3.95861e-3
3.99826e-3
4.03839e-3
4.07888e-3
4.11972e-3
4.16103e-3
4.20282e-3
4.24496e-3
4.28758e-3
4.33054e-3
4.37398e-3
4.41778e-3
4.46217e-3
4.50691e-3
4.55212e-3
4.59769e-3
4.64385e-3
4.69036e-3
4.73746e-3
4.78492e-3
4.83285e-3
4.88137e-3
4.93024e-3
4.97971e-3
5.02965e-3
5.08005e-3
5.13093e-3
5.18240e-3
5.23435e-3
5.28688e-3
5.33988e-3
5.39336e-3
5.44742e-3
5.50196e-3
5.55721e-3
5.61280e-3
5.66911e-3
5.72589e-3
5.78325e-3
5.84121e-3
5.89975e-3
5.95889e-3
6.01861e-3
6.07892e-3
6.13982e-3
6.20131e-3
6.26351e-3
6.32617e-3
6.38955e-3
6.45363e-3
6.51829e-3
6.58355e-3
6.64951e-3
6.71606e-3
6.78343e-3
6.85128e-3
6.91994e-3
6.98920e-3
7.05928e-3
7.12994e-3
7.20131e-3
7.27350e-3
7.34628e-3
7.41989e-3
7.49419e-3
7.56920e-3
7.64492e-3
7.72146e-3
7.79882e-3
7.87688e-3
7.95577e-3
8.03536e-3
8.11577e-3
8.19700e-3
8.27905e-3
8.36192e-3
8.44562e-3
8.53013e-3
8.61547e-3
8.70174e-3
8.78883e-3
8.87674e-3
8.96559e-3
9.05526e-3
9.14587e-3
9.23729e-3
9.32977e-3
9.42307e-3
9.51730e-3
9.61258e-3
9.70869e-3
9.80573e-3
9.90382e-3
1.00028e-2
1.01029e-2
1.02039e-2
1.03060e-2
1.04090e-2
1.05130e-2
1.06181e-2
1.07243e-2
1.08315e-2
1.09397e-2
1.10492e-2
1.11595e-2
1.12711e-2
1.13837e-2
1.14974e-2
1.16123e-2
1.17284e-2
1.18456e-2
1.19639e-2
1.20834e-2
1.22041e-2
1.23260e-2
1.24492e-2
1.25735e-2
1.26991e-2
1.28259e-2
1.29539e-2
1.30833e-2
1.32139e-2
1.33458e-2
1.34791e-2
1.36136e-2
1.37495e-2
1.38867e-2
1.40253e-2
1.41653e-2
1.43067e-2
1.44494e-2
1.45935e-2
1.47392e-2
1.48863e-2
1.50347e-2
1.51846e-2
1.53361e-2
1.54890e-2
1.56435e-2
1.57995e-2
1.59570e-2
1.61161e-2
1.62768e-2
1.64390e-2
1.66029e-2
1.67683e-2
1.69355e-2
1.71043e-2
1.72746e-2
1.74467e-2
1.76206e-2
1.77961e-2
1.79734e-2
1.81524e-2
1.83332e-2
1.85157e-2
1.87001e-2
1.88863e-2
1.90743e-2
1.92642e-2
1.94559e-2
1.96495e-2
1.98450e-2
2.00425e-2
2.02420e-2
2.04433e-2
2.06467e-2
2.08520e-2
2.10594e-2
2.12689e-2
2.14803e-2
2.16939e-2
2.19096e-2
2.21273e-2
2.23473e-2
2.25693e-2
2.27936e-2
2.30201e-2
2.32487e-2
2.34796e-2
2.37129e-2
2.39483e-2
2.41862e-2
2.44263e-2
2.46689e-2
2.49137e-2
2.51609e-2
2.54106e-2
2.56628e-2
2.59174e-2
2.61745e-2
2.64341e-2
2.66963e-2
2.69610e-2
2.72284e-2
2.74983e-2
2.77708e-2
2.80460e-2
2.83239e-2
2.86045e-2
2.88880e-2
2.91741e-2
2.94631e-2
2.97548e-2
3.00494e-2
3.03469e-2
3.06473e-2
3.09505e-2
3.12568e-2
3.15660e-2
3.18782e-2
3.21935e-2
3.25120e-2
3.28334e-2
3.31580e-2
3.34857e-2
3.38166e-2
3.41507e-2
3.44881e-2
3.48287e-2
3.51727e-2
3.55200e-2
3.58707e-2
3.62247e-2
3.65822e-2
3.69431e-2
3.73076e-2
3.76756e-2
3.80472e-2
3.84222e-2
3.88011e-2
3.91834e-2
3.95695e-2
3.99594e-2
4.03531e-2
4.07504e-2
4.11517e-2
4.15569e-2
4.19658e-2
4.23787e-2
4.27957e-2
4.32167e-2
4.36417e-2
4.40708e-2
4.45039e-2
4.49413e-2
4.53830e-2
4.58288e-2
4.62789e-2
4.67333e-2
4.71921e-2
4.76553e-2
4.81229e-2
4.85949e-2
4.90715e-2
4.95528e-2
5.00385e-2
5.05289e-2
5.10240e-2
5.15239e-2
5.20284e-2
5.25378e-2
5.30521e-2
5.35712e-2
5.40954e-2
5.46244e-2
5.51586e-2
5.56978e-2
5.62422e-2
5.67916e-2
5.73464e-2
5.79063e-2
5.84716e-2
5.90423e-2
5.96184e-2
6.01999e-2
6.07868e-2
6.13794e-2
6.19776e-2
6.25813e-2
6.31909e-2
6.38062e-2
6.44271e-2
6.50541e-2
6.56869e-2
6.63257e-2
6.69704e-2
6.76213e-2
6.82782e-2
6.89413e-2
6.96106e-2
7.02862e-2
7.09681e-2
7.16565e-2
7.23511e-2
7.30523e-2
7.37602e-2
7.44746e-2
7.51956e-2
7.59233e-2
7.66579e-2
7.73993e-2
7.81475e-2
7.89027e-2
7.96650e-2
8.04343e-2
8.12108e-2
8.19944e-2
8.27852e-2
8.35835e-2
8.43890e-2
8.52020e-2
8.60225e-2
8.68507e-2
8.76863e-2
8.85297e-2
8.93809e-2
9.02399e-2
9.11067e-2
9.19814e-2
9.28643e-2
9.37553e-2
9.46542e-2
9.55615e-2
9.64771e-2
9.74010e-2
9.83333e-2
9.92741e-2
0.10022
0.10118
0.10215
0.10312
0.10411
0.10510
0.10610
0.10711
0.10813
0.10916
0.11020
0.11125
0.11231
0.11338
0.11445
0.11554
0.11664
0.11774
0.11886
0.11998
0.12112
0.12226
0.12342
0.12459
0.12576
0.12695
0.12815
0.12936
0.13057
0.13180
0.13304
0.13430
0.13556
0.13683
0.13812
0.13941
0.14072
0.14204
0.14337
0.14471
0.14606
0.14743
0.14880
0.15019
0.15159
0.15300
0.15443
0.15587
0.15732
0.15878
0.16025
0.16174
0.16324
0.16475
0.16628
0.16782
0.16937
0.17093
0.17251
0.17410
0.17571
0.17732
0.17896
0.18060
0.18226
0.18393
0.18562
0.18732
0.18904
0.19077
0.19251
0.19427
0.19604
0.19783
0.19963
0.20145
0.20328
0.20513
0.20699
0.20887
0.21076
0.21267
0.21459
0.21653
0.21849
0.22046
0.22244
0.22445
0.22646
0.22850
0.23055
0.23262
0.23470
0.23680
0.23892
0.24105
0.24320
0.24537
0.24755
0.24975
0.25197
0.25421
0.25646
0.25873
0.26102
0.26333
0.26565
0.26800
0.27036
0.27273
0.27513
0.27754
0.27998
0.28243
0.28490
0.28739
0.28989
0.29242
0.29496
0.29753
0.30011
0.30271
0.30534
0.30798
0.31064
0.31332
0.31602
0.31874
0.32148
0.32423
0.32701
0.32981
0.33263
0.33547
0.33833
0.34121
0.34412
0.34704
0.34998
0.35294
0.35593
0.35893
0.36196
0.36501
0.36808
0.37117
0.37428
0.37741
0.38056
0.38374
0.38694
0.39016
0.39340
0.39666
0.39995
0.40326
0.40659
0.40994
0.41331
0.41671
0.42013
0.42357
0.42703
0.43052
0.43403
0.43756
0.44112
0.44470
0.44830
0.45192
0.45557
0.45924
0.46294
0.46665
0.47039
0.47416
0.47795
0.48176
0.48559
0.48945
0.49333
0.49724
0.50117
0.50512
0.50910
0.51310
0.51713
0.52118
0.52525
0.52935
0.53347
0.53762
0.54179
0.54599
0.55021
0.55445
0.55872
0.56301
0.56733
0.57167
0.57604
0.58043
0.58484
0.58928
0.59375
0.59824
0.60275
0.60729
0.61186
0.61645
0.62106
0.62570
0.63036
0.63505
0.63977
0.64450
0.64927
0.65406
0.65887
0.66371
0.66857
0.67346
0.67837
0.68331
0.68827
0.69326
0.69827
0.70331
0.70838
0.71346
0.71858
0.72372
0.72888
0.73407
0.73928
0.74452
0.74978
0.75507
0.76038
0.76572
0.77108
0.77647
0.78188
0.78732
0.79278
0.79827
0.80378
0.80931
0.81488
0.82046
0.82607
0.83171
0.83737
0.84305
0.84876
0.85449
0.86025
0.86603
0.87184
0.87767
0.88352
0.88940
0.89530
0.90123
0.90718
0.91316
0.91916
0.92518
0.93123
0.93730
0.94340
0.94951
0.95566
0.96182
0.96801
0.97423
0.98046
0.98672
0.99301
0.99932
1.00565
1.01200
1.01838
1.02478
1.03120
1.03764
1.04411
1.05060
1.05712
1.06366
1.07022
1.07680
1.08340
1.09003
1.09668
1.10335
1.11004
1.11676
1.12350
1.13026
1.13704
1.14384
1.15067
1.15751
1.16438
1.17127
1.17818
1.18511
1.19207
1.19904
1.20604
1.21306
1.22009
1.22715
1.23423
1.24133
1.24845
1.25559
1.26275
1.26994
1.27714
1.28436
1.29160
1.29886
1.30614
1.31345
1.32077
1.32811
1.33547
1.34285
1.35025
1.35766
1.36510
1.37256
1.38003
1.38753
1.39504
1.40257
1.41012
1.41769
1.42527
1.43288
1.44050
1.44814
1.45580
1.46348
1.47117
1.47889
1.48662
1.49436
1.50213
1.50991
1.51771
1.52553
1.53336
1.54121
1.54908
1.55696
1.56486
1.57278
1.58072
1.58866
1.59663
1.60461
1.61261
1.62063
1.62866
1.63670
1.64477
1.65284
1.66094
1.66904
1.67717
1.68531
1.69346
1.70163
1.70981
1.71801
1.72622
1.73445
1.74269
1.75095
1.75922
1.76751
1.77581
1.78412
1.79245
1.80079
1.80915
1.81752
1.82590
1.83429
1.84270
1.85113
1.85956
1.86801
1.87647
1.88495
1.89344
1.90194
1.91045
1.91898
1.92752
1.93607
1.94463
1.95321
1.96180
1.97040
1.97901
1.98763
1.99627
2.00492
2.01358
2.02225
2.03093
2.03962
2.04833
2.05705
2.06577
2.07451
2.08326
2.09202
2.10079
2.10957
2.11837
2.12717
2.13598
2.14481
2.15364
2.16249
2.17134
2.18021
2.18908
2.19797
2.20686
2.21577
2.22468
2.23360
2.24254
2.25148
2.26043
2.26940
2.27837
2.28735
2.29634
2.30533
2.31434
2.32336
2.33238
2.34142
2.35046
2.35951
2.36857
2.37764
2.38672
2.39580
2.40489
2.41400
2.42311
2.43222
2.44135
2.45048
2.45962
2.46877
2.47793
2.48710
2.49627
2.50545
2.51464
2.52383
2.53303
2.54224
2.55146
2.56068
2.56992
2.57915
2.58840
2.59765
2.60691
2.61618
2.62545
2.63473
2.64402
2.65331
2.66261
2.67191
2.68123
2.69054
2.69987
2.70920
2.71854
2.72788
2.73723
2.74659
2.75595
2.76532
2.77469
2.78407
2.79345
2.80285
2.81224
2.82164
2.83105
2.84047
2.84988
2.85931
2.86874
2.87817
2.88761
2.89706
2.90651
2.91597
2.92543
2.93489
2.94437
2.95384
2.96332
2.97281
2.98230
2.99180
3.00130
3.01080
3.02031
3.02983
3.03935
3.04887
3.05840
3.06793
3.07747
3.08701
3.09656
3.10611
3.11566
3.12522
3.13478
3.14435
3.15392
3.16350
3.17308
3.18266
3.19225
3.20184
3.21143
3.22103
3.23064
3.24024
3.24985
3.25947
3.26909
3.27871
3.28833
3.29796
3.30759
3.31723
3.32687
3.33651
3.34616
3.35581
3.36546
3.37512
3.38478
3.39444
3.40411
3.41378
3.42345
3.43313
3.44280
3.45249
3.46217
3.47186
3.48155
3.49124
3.50094
3.51064
3.52034
3.53005
3.53976
3.54947
3.55918
3.56890
3.57862
3.58834
3.59807
3.60780
3.61753
3.62726
3.63700
3.64673
3.65647
3.66622
3.67596
3.68571
3.69546
3.70522
3.71497
3.72473
3.73449
3.74425
3.75402
3.76378
3.77355
3.78332
3.79310
3.80287
3.81265
3.82243
3.83222
3.84200
3.85179
3.86158
3.87137
3.88116
3.89095
3.90075
3.91055
3.92035
3.93015
3.93996
3.94977
3.95957
3.96939
3.97920
3.98901
3.99883
4.00865
4.01846
4.02829
4.03811
4.04793
4.05776
4.06759
4.07742
4.08725
4.09708
4.10692
4.11675
4.12659
4.13643
4.14627
4.15612
4.16596
4.17581
4.18565
4.19550
4.20535
4.21520
4.22506
4.23491
4.24477
4.25463
4.26449
4.27435
4.28421
4.29407
4.30393
4.31380
4.32367
4.33354
4.34341
4.35328
4.36315
4.37302
4.38290
4.39277
4.40265
4.41253
4.42241
4.43229
4.44217
4.45205
4.46194
4.47182
4.48171
4.49160
4.50149
4.51138
4.52127
4.53116
4.54105
4.55095
4.56084
4.57074
4.58063
4.59053
4.60043
4.61033
4.62023
4.63014
4.64004
4.64994
4.65985
4.66975
4.67966
4.68957
4.69948
4.70939
4.71930
4.72921
4.73912
4.74904
4.75895
4.76886
4.77878
4.78870
4.79861
4.80853
4.81845
4.82837
4.83829
4.84821
4.85814
4.86806
4.87798
4.88791
4.89783
4.90776
4.91768
4.92761
4.93754
4.94747
4.95740
4.96733
4.97726
4.98719
4.99712
5.00706
5.01699
5.02692
5.03686
5.04680
5.05673
5.06667
5.07661
5.08654
5.09648
5.10642
5.11636
5.12630
5.13624
5.14619
5.15613
5.16607
5.17601
5.18596
5.19590
5.20585
5.21579
5.22574
5.23569
5.24563
5.25558
5.26553
5.27548
5.28543
5.29538
5.30533
5.31528
5.32523
5.33518
5.34513
5.35509
5.36504
5.37499
5.38495
5.39490
5.40486
5.41481
5.42477
5.43473
5.44468
5.45464
5.46460
5.47456
5.48451
5.49447
5.50443
5.51439
5.52435
5.53431
5.54427
5.55423
5.56420
5.57416
5.58412
5.59408
5.60405
5.61401
5.62397
5.63394
5.64390
5.65387
5.66383
5.67380
5.68377
5.69373
5.70370
5.71367
5.72363
5.73360
5.74357
5.75354
5.76351
5.77347
5.78344
5.79341
5.80338
5.81335
5.82332
5.83330
5.84327
5.85324
5.86321
5.87318
5.88315
5.89313
5.90310
5.91307
5.92305
5.93302
5.94299
5.95297
5.96294
5.97292
5.98289
5.99287
6.00284
6.01282
6.02279
6.03277
6.04275
6.05272
6.06270
6.07268
6.08265
6.09263
6.10261
6.11259
6.12256
6.13254
6.14252
6.15250
6.16248
6.17246
6.18244
6.19242
6.20240
6.21238
6.22236
6.23234
6.24232
6.25230
6.26228
6.27226
6.28224
6.29223
6.30221
6.31219
6.32217
6.33215
6.34214
6.35212
6.36210
6.37208
6.38207
6.39205
6.40203
6.41202
6.42200
6.43199
6.44197
6.45196
6.46194
6.47192
6.48191
6.49189
6.50188
6.51186
6.52185
6.53184
6.54182
6.55181
6.56179
6.57178
6.58177
6.59175
6.60174
6.61173
6.62171
6.63170
6.64169
6.65167
6.66166
6.67165
6.68164
6.69162
6.70161
6.71160
6.72159
6.73158
6.74156
6.75155
6.76154
6.77153
6.78152
6.79151
6.80150
6.81149
6.82148
6.83147
6.84145
6.85144
6.86143
6.87142
6.88141
6.89140
6.90139
6.91138
6.92137
6.93136
6.94136
6.95135
6.96134
6.97133
6.98132
6.99131
7.00130
7.01129
7.02128
7.03127
7.04127
7.05126
7.06125
7.07124
7.08123
7.09122
7.10122
7.11121
7.12120
7.13119
7.14118
7.15118
7.16117
7.17116
7.18115
7.19115
7.20114
7.21113
7.22113
7.23112
7.24111
7.25110
7.26110
7.27109
7.28108
7.29108
7.30107
7.31106
7.32106
7.33105
7.34105
7.35104
7.36103
7.37103
7.38102
7.39102
7.40101
7.41100
7.42100
7.43099
7.44099
7.45098
7.46097
7.47097
7.48096
7.49096
7.50095
7.51095
7.52094
7.53094
7.54093
7.55093
7.56092
7.57092
7.58091
7.59091
7.60090
7.61090
7.62089
7.63089
7.64088
7.65088
7.66088
7.67087
7.68087
7.69086
7.70086
7.71085
7.72085
7.73085
7.74084
7.75084
7.76083
7.77083
7.78082
7.79082
7.80082
7.81081
7.82081
7.83081
7.84080
7.85080
7.86079
7.87079
7.88079
7.89078
7.90078
7.91078
7.92077
7.93077
7.94077
7.95076
7.96076
7.97076
7.98075
7.99075
8.00075
8.01074
8.02074
8.03074
8.04074
8.05073
8.06073
8.07073
8.08072
8.09072
8.10072
8.11072
8.12071
8.13071
8.14071
8.15070
8.16070
8.17070
8.18070
8.19069
8.20069
8.21069
8.22069
8.23068
8.24068
8.25068
8.26068
8.27067
8.28067
8.29067
8.30067
8.31067
8.32066
8.33066
8.34066
8.35066
8.36065
8.37065
8.38065
8.39065
8.40065
8.41064
8.42064
8.43064
8.44064
8.45064
8.46063
8.47063
8.48063
8.49063
8.50063
8.51063
8.52062
8.53062
8.54062
8.55062
8.56062
8.57062
8.58061
8.59061
8.60061
8.61061
8.62061
8.63061
8.64060
8.65060
8.66060
8.67060
8.68060
8.69060
8.70060
8.71059
8.72059
8.73059
8.74059
8.75059
8.76059
8.77059
8.78058
8.79058
8.80058
8.81058
8.82058
8.83058
8.84058
8.85057
8.86057
8.87057
8.88057
8.89057
8.90057
8.91057
8.92057
8.93057
8.94056
8.95056
8.96056
8.97056
8.98056
8.99056
9.00056
9.01056
9.02056
9.03056
9.04055
9.05055
9.06055
9.07055
9.08055
9.09055
9.10055
9.11055
9.12055
9.13055
9.14055
9.15054
9.16054
9.17054
9.18054
9.19054
9.20054
9.21054
9.22054
9.23054
9.24054
9.25054
9.26054
9.27054
9.28054
9.29053
9.30053
9.31053
9.32053
9.33053
9.34053
9.35053
9.36053
9.37053
9.38053
9.39053
9.40053
9.41053
9.42053
9.43053
9.44052
9.45052
9.46052
9.47052
9.48052
9.49052
9.50052
9.51052
9.52052
9.53052
9.54052
9.55052
9.56052
9.57052
9.58052
9.59052
9.60052
9.61052
9.62052
9.63052
9.64051
9.65052
9.66051
9.67051
9.68051
9.69051
9.70051
9.71051
9.72051
9.73051
9.74051
9.75051
9.76051
9.77051
9.78051
9.79051
9.80051
9.81051
9.82051
9.83051
9.84051
9.85051
9.86051
9.87051
9.88051
9.89051
9.90051
9.91051
9.92051
9.93051
9.94050
9.95050
9.96051
9.97050
9.98050
9.99050
10.00050
