4.53979e-5
4.58541e-5
4.63149e-5
4.67804e-5
4.72506e-5
4.77254e-5
4.82051e-5
4.86895e-5
4.91788e-5
4.96731e-5
5.01723e-5
5.06765e-5
5.11858e-5
5.17002e-5
5.22198e-5
5.27446e-5
5.32747e-5
5.38101e-5
5.43509e-5
5.48971e-5
5.54488e-5
5.60060e-5
5.65689e-5
5.71374e-5
5.77116e-5
5.82916e-5
5.88774e-5
5.94691e-5
6.00668e-5
6.06704e-5
6.12802e-5
6.18960e-5
6.25181e-5
6.31463e-5
6.37810e-5
6.44219e-5
6.50694e-5
6.57233e-5
6.63838e-5
6.70509e-5
6.77248e-5
6.84054e-5
6.90928e-5
6.97872e-5
7.04885e-5
7.11969e-5
7.19124e-5
7.26351e-5
7.33651e-5
7.41024e-5
7.48471e-5
7.55993e-5
7.63590e-5
7.71264e-5
7.79015e-5
7.86844e-5
7.94751e-5
8.02738e-5
8.10805e-5
8.18954e-5
8.27184e-5
8.35496e-5
8.43893e-5
8.52374e-5
8.60940e-5
8.69592e-5
8.78331e-5
8.87157e-5
8.96073e-5
9.05078e-5
9.14173e-5
9.23360e-5
9.32640e-5
9.42012e-5
9.51479e-5
9.61041e-5
9.70699e-5
9.80454e-5
9.90307e-5
1.00026e-4
1.01031e-4
1.02046e-4
1.03072e-4
1.04108e-4
1.05154e-4
1.06211e-4
1.07278e-4
1.08356e-4
1.09445e-4
1.10545e-4
1.11656e-4
1.12778e-4
1.13911e-4
1.15056e-4
1.16212e-4
1.17380e-4
1.18559e-4
1.19751e-4
1.20954e-4
1.22170e-4
1.23397e-4
1.24637e-4
1.25890e-4
1.27155e-4
1.28433e-4
1.29723e-4
1.31027e-4
1.32344e-4
1.33674e-4
1.35017e-4
1.36374e-4
1.37744e-4
1.39128e-4
1.40526e-4
1.41939e-4
1.43365e-4
1.44806e-4
1.46261e-4
1.47731e-4
1.49215e-4
1.50714e-4
1.52229e-4
1.53759e-4
1.55304e-4
1.56864e-4
1.58441e-4
1.60033e-4
1.61641e-4
1.63265e-4
1.64906e-4
1.66563e-4
1.68237e-4
1.69927e-4
1.71635e-4
1.73360e-4
1.75102e-4
1.76861e-4
1.78638e-4
1.80433e-4
1.82246e-4
1.84078e-4
1.85928e-4
1.87796e-4
1.89683e-4
1.91589e-4
1.93514e-4
1.95459e-4
1.97423e-4
1.99406e-4
2.01410e-4
2.03434e-4
2.05478e-4
2.07543e-4
2.09628e-4
2.11735e-4
2.13862e-4
2.16011e-4
2.18182e-4
2.20374e-4
2.22588e-4
2.24825e-4
2.27084e-4
2.29366e-4
2.31671e-4
2.33998e-4
2.36350e-4
2.38724e-4
2.41123e-4
2.43546e-4
2.45993e-4
2.48465e-4
2.50961e-4
2.53483e-4
2.56030e-4
2.58602e-4
2.61201e-4
2.63825e-4
2.66476e-4
2.69154e-4
2.71858e-4
2.74589e-4
2.77348e-4
2.80135e-4
2.82950e-4
2.85793e-4
2.88664e-4
2.91565e-4
2.94494e-4
2.97453e-4
3.00442e-4
3.03460e-4
3.06509e-4
3.09589e-4
3.12699e-4
3.15841e-4
3.19014e-4
3.22220e-4
3.25457e-4
3.28727e-4
3.32030e-4
3.35365e-4
3.38735e-4
3.42138e-4
3.45576e-4
3.49048e-4
3.52554e-4
3.56096e-4
3.59674e-4
3.63288e-4
3.66937e-4
3.70624e-4
3.74347e-4
3.78108e-4
3.81907e-4
3.85744e-4
3.89619e-4
3.93534e-4
3.97487e-4
4.01480e-4
4.05514e-4
4.09588e-4
4.13703e-4
4.17859e-4
4.22057e-4
4.26297e-4
4.30579e-4
4.34905e-4
4.39274e-4
4.43687e-4
4.48144e-4
4.52646e-4
4.57193e-4
4.61786e-4
4.66425e-4
4.71111e-4
4.75843e-4
4.80623e-4
4.85451e-4
4.90328e-4
4.95254e-4
5.00229e-4
5.05254e-4
5.10329e-4
5.15455e-4
5.20633e-4
5.25863e-4
5.31145e-4
5.36481e-4
5.41870e-4
5.47313e-4
5.52810e-4
5.58363e-4
5.63972e-4
5.69637e-4
5.75358e-4
5.81138e-4
5.86975e-4
5.92871e-4
5.98826e-4
6.04841e-4
6.10916e-4
6.17052e-4
6.23250e-4
6.29510e-4
6.35832e-4
6.42219e-4
6.48669e-4
6.55184e-4
6.61765e-4
6.68411e-4
6.75124e-4
6.81905e-4
6.88754e-4
6.95671e-4
7.02658e-4
7.09715e-4
7.16843e-4
7.24042e-4
7.31314e-4
7.38658e-4
7.46077e-4
7.53569e-4
7.61137e-4
7.68781e-4
7.76502e-4
7.84300e-4
7.92176e-4
8.00131e-4
8.08166e-4
8.16282e-4
8.24479e-4
8.32759e-4
8.41121e-4
8.49568e-4
8.58099e-4
8.66716e-4
8.75419e-4
8.84209e-4
8.93088e-4
9.02056e-4
9.11114e-4
9.20262e-4
9.29503e-4
9.38836e-4
9.48263e-4
9.57784e-4
9.67401e-4
9.77114e-4
9.86925e-4
9.96834e-4
1.00684e-3
1.01695e-3
1.02716e-3
1.03747e-3
1.04789e-3
1.05841e-3
1.06904e-3
1.07977e-3
1.09061e-3
1.10156e-3
1.11262e-3
1.12379e-3
1.13507e-3
1.14646e-3
1.15797e-3
1.16960e-3
1.18134e-3
1.19320e-3
1.20517e-3
1.21727e-3
1.22949e-3
1.24183e-3
1.25430e-3
1.26689e-3
1.27960e-3
1.29245e-3
1.30542e-3
1.31852e-3
1.33176e-3
1.34512e-3
1.35863e-3
1.37226e-3
1.38603e-3
1.39994e-3
1.41400e-3
1.42819e-3
1.44252e-3
1.45700e-3
1.47162e-3
1.48639e-3
1.50130e-3
1.51637e-3
1.53159e-3
1.54695e-3
1.56248e-3
1.57816e-3
1.59399e-3
1.60999e-3
1.62614e-3
1.64246e-3
1.65894e-3
1.67558e-3
1.69239e-3
1.70937e-3
1.72652e-3
1.74385e-3
1.76134e-3
1.77901e-3
1.79686e-3
1.81489e-3
1.83309e-3
1.85148e-3
1.87006e-3
1.88882e-3
1.90776e-3
1.92690e-3
1.94623e-3
1.96575e-3
1.98547e-3
2.00538e-3
2.02550e-3
2.04581e-3
2.06633e-3
2.08705e-3
2.10799e-3
2.12913e-3
2.15048e-3
2.17205e-3
2.19383e-3
2.21583e-3
2.23805e-3
2.26049e-3
2.28316e-3
2.30605e-3
2.32917e-3
2.35253e-3
2.37612e-3
2.39994e-3
2.42400e-3
2.44830e-3
2.47285e-3
2.49764e-3
2.52268e-3
2.54797e-3
2.57351e-3
2.59931e-3
2.62536e-3
2.65168e-3
2.67826e-3
2.70510e-3
2.73222e-3
2.75960e-3
2.78726e-3
2.81519e-3
2.84341e-3
2.87190e-3
2.90068e-3
2.92975e-3
2.95911e-3
2.98876e-3
3.01871e-3
3.04895e-3
3.07950e-3
3.11036e-3
3.14152e-3
3.17299e-3
3.20478e-3
3.23688e-3
3.26931e-3
3.30206e-3
3.33513e-3
3.36854e-3
3.40228e-3
3.43636e-3
3.47077e-3
3.50554e-3
3.54064e-3
3.57610e-3
3.61191e-3
3.64808e-3
3.68461e-3
3.72150e-3
3.75877e-3
3.79640e-3
3.83441e-3
3.87280e-3
3.91157e-3
3.95073e-3
3.99027e-3
4.03021e-3
4.07056e-3
4.11130e-3
4.15245e-3
4.19401e-3
4.23598e-3
4.27837e-3
4.32118e-3
4.36442e-3
4.40809e-3
4.45220e-3
4.49674e-3
4.54173e-3
4.58717e-3
4.63306e-3
4.67941e-3
4.72621e-3
4.77349e-3
4.82123e-3
4.86945e-3
4.91815e-3
4.96733e-3
5.01701e-3
5.06717e-3
5.11784e-3
5.16901e-3
5.22069e-3
5.27288e-3
5.32560e-3
5.37883e-3
5.43260e-3
5.48690e-3
5.54174e-3
5.59712e-3
5.65306e-3
5.70955e-3
5.76660e-3
5.82422e-3
5.88241e-3
5.94118e-3
6.00054e-3
6.06048e-3
6.12101e-3
6.18215e-3
6.24390e-3
6.30626e-3
6.36923e-3
6.43283e-3
6.49707e-3
6.56194e-3
6.62745e-3
6.69361e-3
6.76043e-3
6.82791e-3
6.89606e-3
6.96489e-3
7.03439e-3
7.10459e-3
7.17548e-3
7.24708e-3
7.31938e-3
7.39240e-3
7.46614e-3
7.54061e-3
7.61582e-3
7.69177e-3
7.76848e-3
7.84594e-3
7.92417e-3
8.00318e-3
8.08296e-3
8.16354e-3
8.24491e-3
8.32708e-3
8.41007e-3
8.49387e-3
8.57851e-3
8.66398e-3
8.75029e-3
8.83746e-3
8.92549e-3
9.01438e-3
9.10416e-3
9.19482e-3
9.28637e-3
9.37882e-3
9.47219e-3
9.56648e-3
9.66170e-3
9.75786e-3
9.85496e-3
9.95302e-3
1.00520e-2
1.01520e-2
1.02530e-2
1.03550e-2
1.04580e-2
1.05620e-2
1.06670e-2
1.07731e-2
1.08802e-2
1.09883e-2
1.10975e-2
1.12078e-2
1.13192e-2
1.14316e-2
1.15452e-2
1.16599e-2
1.17757e-2
1.18926e-2
1.20107e-2
1.21300e-2
1.22504e-2
1.23720e-2
1.24948e-2
1.26188e-2
1.27440e-2
1.28704e-2
1.29981e-2
1.31270e-2
1.32572e-2
1.33886e-2
1.35214e-2
1.36554e-2
1.37908e-2
1.39274e-2
1.40655e-2
1.42048e-2
1.43455e-2
1.44876e-2
1.46311e-2
1.47760e-2
1.49223e-2
1.50700e-2
1.52191e-2
1.53697e-2
1.55218e-2
1.56754e-2
1.58304e-2
1.59870e-2
1.61450e-2
1.63047e-2
1.64658e-2
1.66286e-2
1.67929e-2
1.69588e-2
1.71263e-2
1.72955e-2
1.74663e-2
1.76387e-2
1.78128e-2
1.79886e-2
1.81661e-2
1.83454e-2
1.85263e-2
1.87090e-2
1.88935e-2
1.90798e-2
1.92679e-2
1.94577e-2
1.96495e-2
1.98430e-2
2.00385e-2
2.02358e-2
2.04350e-2
2.06361e-2
2.08392e-2
2.10443e-2
2.12513e-2
2.14603e-2
2.16713e-2
2.18843e-2
2.20994e-2
2.23165e-2
2.25358e-2
2.27571e-2
2.29806e-2
2.32062e-2
2.34340e-2
2.36639e-2
2.38960e-2
2.41304e-2
2.43670e-2
2.46059e-2
2.48471e-2
2.50905e-2
2.53363e-2
2.55844e-2
2.58349e-2
2.60878e-2
2.63431e-2
2.66008e-2
2.68610e-2
2.71236e-2
2.73887e-2
2.76564e-2
2.79266e-2
2.81993e-2
2.84747e-2
2.87526e-2
2.90332e-2
2.93165e-2
2.96024e-2
2.98910e-2
3.01824e-2
3.04765e-2
3.07733e-2
3.10730e-2
3.13755e-2
3.16809e-2
3.19891e-2
3.23002e-2
3.26142e-2
3.29312e-2
3.32512e-2
3.35742e-2
3.39002e-2
3.42292e-2
3.45613e-2
3.48966e-2
3.52349e-2
3.55764e-2
3.59212e-2
3.62691e-2
3.66203e-2
3.69747e-2
3.73324e-2
3.76935e-2
3.80579e-2
3.84257e-2
3.87969e-2
3.91716e-2
3.95497e-2
3.99313e-2
4.03165e-2
4.07052e-2
4.10975e-2
4.14934e-2
4.18929e-2
4.22962e-2
4.27031e-2
4.31138e-2
4.35282e-2
4.39465e-2
4.43686e-2
4.47945e-2
4.52243e-2
4.56581e-2
4.60958e-2
4.65376e-2
4.69833e-2
4.74331e-2
4.78870e-2
4.83450e-2
4.88072e-2
4.92736e-2
4.97441e-2
5.02190e-2
5.06981e-2
5.11816e-2
5.16694e-2
5.21616e-2
5.26582e-2
5.31593e-2
5.36649e-2
5.41751e-2
5.46898e-2
5.52091e-2
5.57330e-2
5.62617e-2
5.67950e-2
5.73331e-2
5.78760e-2
5.84236e-2
5.89762e-2
5.95336e-2
6.00960e-2
6.06634e-2
6.12357e-2
6.18131e-2
6.23956e-2
6.29832e-2
6.35760e-2
6.41739e-2
6.47771e-2
6.53856e-2
6.59994e-2
6.66185e-2
6.72430e-2
6.78730e-2
6.85084e-2
6.91493e-2
6.97958e-2
7.04479e-2
7.11055e-2
7.17689e-2
7.24379e-2
7.31127e-2
7.37933e-2
7.44797e-2
7.51720e-2
7.58702e-2
7.65744e-2
7.72845e-2
7.80006e-2
7.87229e-2
7.94512e-2
8.01857e-2
8.09264e-2
8.16733e-2
8.24265e-2
8.31860e-2
8.39518e-2
8.47241e-2
8.55028e-2
8.62880e-2
8.70797e-2
8.78780e-2
8.86829e-2
8.94944e-2
9.03126e-2
9.11376e-2
9.19693e-2
9.28078e-2
9.36532e-2
9.45055e-2
9.53648e-2
9.62310e-2
9.71042e-2
9.79845e-2
9.88720e-2
9.97665e-2
0.10067
0.10158
0.10249
0.10342
0.10435
0.10529
0.10623
0.10719
0.10815
0.10911
0.11009
0.11107
0.11207
0.11306
0.11407
0.11509
0.11611
0.11714
0.11818
0.11922
0.12028
0.12134
0.12241
0.12349
0.12457
0.12567
0.12677
0.12788
0.12900
0.13013
0.13127
0.13241
0.13356
0.13472
0.13589
0.13707
0.13826
0.13946
0.14066
0.14187
0.14310
0.14433
0.14557
0.14681
0.14807
0.14934
0.15061
0.15190
0.15319
0.15449
0.15580
0.15712
0.15845
0.15979
0.16113
0.16249
0.16386
0.16523
0.16662
0.16801
0.16941
0.17082
0.17224
0.17367
0.17511
0.17656
0.17802
0.17949
0.18097
0.18245
0.18395
0.18546
0.18697
0.18850
0.19003
0.19158
0.19313
0.19469
0.19627
0.19785
0.19944
0.20104
0.20265
0.20427
0.20590
0.20754
0.20919
0.21085
0.21252
0.21420
0.21589
0.21758
0.21929
0.22101
0.22273
0.22447
0.22622
0.22797
0.22974
0.23151
0.23330
0.23509
0.23689
0.23870
0.24053
0.24236
0.24420
0.24605
0.24791
0.24978
0.25166
0.25354
0.25544
0.25735
0.25926
0.26119
0.26312
0.26507
0.26702
0.26898
0.27095
0.27293
0.27492
0.27692
0.27893
0.28094
0.28297
0.28500
0.28704
0.28909
0.29115
0.29322
0.29530
0.29738
0.29948
0.30158
0.30369
0.30581
0.30794
0.31007
0.31221
0.31437
0.31652
0.31869
0.32087
0.32305
0.32524
0.32744
0.32965
0.33186
0.33408
0.33631
0.33854
0.34079
0.34304
0.34529
0.34756
0.34983
0.35211
0.35439
0.35668
0.35898
0.36129
0.36360
0.36591
0.36824
0.37057
0.37290
0.37524
0.37759
0.37994
0.38230
0.38467
0.38704
0.38941
0.39179
0.39418
0.39657
0.39896
0.40137
0.40377
0.40618
0.40859
0.41101
0.41344
0.41586
0.41829
0.42073
0.42317
0.42561
0.42806
0.43051
0.43296
0.43542
0.43788
0.44034
0.44281
0.44528
0.44775
0.45022
0.45270
0.45518
0.45766
0.46014
0.46263
0.46511
0.46760
0.47009
0.47258
0.47508
0.47757
0.48007
0.48256
0.48506
0.48756
0.49006
0.49256
0.49506
0.49756
0.50006
0.50256
0.50506
0.50756
0.51006
0.51255
0.51505
0.51755
0.52005
0.52254
0.52504
0.52753
0.53002
0.53251
0.53500
0.53749
0.53997
0.54246
0.54494
0.54742
0.54989
0.55237
0.55484
0.55731
0.55977
0.56223
0.56469
0.56715
0.56960
0.57205
0.57450
0.57694
0.57938
0.58182
0.58425
0.58668
0.58910
0.59152
0.59393
0.59634
0.59874
0.60114
0.60354
0.60593
0.60832
0.61070
0.61307
0.61544
0.61780
0.62016
0.62252
0.62486
0.62720
0.62954
0.63187
0.63419
0.63651
0.63882
0.64112
0.64342
0.64571
0.64800
0.65027
0.65254
0.65481
0.65707
0.65932
0.66156
0.66379
0.66602
0.66824
0.67046
0.67266
0.67486
0.67705
0.67923
0.68141
0.68357
0.68573
0.68788
0.69003
0.69216
0.69429
0.69641
0.69852
0.70062
0.70271
0.70480
0.70687
0.70894
0.71100
0.71305
0.71509
0.71713
0.71915
0.72117
0.72317
0.72517
0.72716
0.72914
0.73111
0.73307
0.73502
0.73696
0.73890
0.74082
0.74274
0.74465
0.74654
0.74843
0.75031
0.75218
0.75404
0.75589
0.75773
0.75956
0.76138
0.76319
0.76499
0.76679
0.76857
0.77034
0.77211
0.77386
0.77561
0.77734
0.77907
0.78079
0.78249
0.78419
0.78588
0.78756
0.78922
0.79088
0.79253
0.79417
0.79580
0.79742
0.79903
0.80063
0.80223
0.80381
0.80538
0.80694
0.80850
0.81004
0.81157
0.81310
0.81461
0.81612
0.81761
0.81910
0.82058
0.82204
0.82350
0.82495
0.82639
0.82782
0.82924
0.83065
0.83206
0.83345
0.83483
0.83621
0.83757
0.83893
0.84027
0.84161
0.84294
0.84426
0.84557
0.84687
0.84816
0.84945
0.85072
0.85199
0.85324
0.85449
0.85573
0.85696
0.85818
0.85939
0.86060
0.86179
0.86298
0.86416
0.86533
0.86649
0.86764
0.86879
0.86992
0.87105
0.87217
0.87328
0.87438
0.87548
0.87656
0.87764
0.87871
0.87977
0.88083
0.88187
0.88291
0.88394
0.88496
0.88598
0.88698
0.88798
0.88897
0.88995
0.89093
0.89190
0.89286
0.89381
0.89476
0.89569
0.89663
0.89755
0.89846
0.89937
0.90027
0.90117
0.90206
0.90294
0.90381
0.90467
0.90553
0.90639
0.90723
0.90807
0.90890
0.90973
0.91054
0.91135
0.91216
0.91296
0.91375
0.91453
0.91531
0.91608
0.91685
0.91761
0.91836
0.91911
0.91985
0.92058
0.92131
0.92203
0.92275
0.92346
0.92416
0.92486
0.92555
0.92624
0.92692
0.92759
0.92826
0.92892
0.92958
0.93023
0.93088
0.93152
0.93216
0.93279
0.93341
0.93403
0.93464
0.93525
0.93585
0.93645
0.93704
0.93763
0.93821
0.93879
0.93936
0.93993
0.94049
0.94105
0.94160
0.94215
0.94269
0.94323
0.94376
0.94429
0.94481
0.94533
0.94585
0.94636
0.94686
0.94736
0.94786
0.94835
0.94884
0.94932
0.94980
0.95028
0.95075
0.95121
0.95168
0.95213
0.95259
0.95304
0.95348
0.95392
0.95436
0.95480
0.95523
0.95565
0.95607
0.95649
0.95691
0.95732
0.95772
0.95813
0.95852
0.95892
0.95931
0.95970
0.96009
0.96047
0.96085
0.96122
0.96159
0.96196
0.96232
0.96268
0.96304
0.96340
0.96375
0.96409
0.96444
0.96478
0.96512
0.96545
0.96579
0.96611
0.96644
0.96676
0.96708
0.96740
0.96771
0.96803
0.96833
0.96864
0.96894
0.96924
0.96954
0.96983
0.97012
0.97041
0.97070
0.97098
0.97126
0.97154
0.97181
0.97209
0.97236
0.97262
0.97289
0.97315
0.97341
0.97367
0.97392
0.97418
0.97443
0.97468
0.97492
0.97516
0.97541
0.97564
0.97588
0.97611
0.97635
0.97658
0.97680
0.97703
0.97725
0.97747
0.97769
0.97791
0.97813
0.97834
0.97855
0.97876
0.97897
0.97917
0.97937
0.97957
0.97977
0.97997
0.98017
0.98036
0.98055
0.98074
0.98093
0.98111
0.98130
0.98148
0.98166
0.98184
0.98202
0.98220
0.98237
0.98254
0.98271
0.98288
0.98305
0.98321
0.98338
0.98354
0.98370
0.98386
0.98402
0.98418
0.98433
0.98449
0.98464
0.98479
0.98494
0.98508
0.98523
0.98538
0.98552
0.98566
0.98580
0.98594
0.98608
0.98622
0.98635
0.98648
0.98662
0.98675
0.98688
0.98701
0.98714
0.98726
0.98739
0.98751
0.98763
0.98776
0.98788
0.98799
0.98811
0.98823
0.98835
0.98846
0.98857
0.98869
0.98880
0.98891
0.98902
0.98912
0.98923
0.98934
0.98944
0.98955
0.98965
0.98975
0.98985
0.98995
0.99005
0.99015
0.99025
0.99034
0.99044
0.99053
0.99063
0.99072
0.99081
0.99090
0.99099
0.99108
0.99117
0.99125
0.99134
0.99143
0.99151
0.99159
0.99168
0.99176
0.99184
0.99192
0.99200
0.99208
0.99216
0.99224
0.99231
0.99239
0.99246
0.99254
0.99261
0.99268
0.99276
0.99283
0.99290
0.99297
0.99304
0.99311
0.99318
0.99324
0.99331
0.99338
0.99344
0.99351
0.99357
0.99363
0.99370
0.99376
0.99382
0.99388
0.99394
0.99400
0.99406
0.99412
0.99418
0.99424
0.99429
0.99435
0.99441
0.99446
0.99452
0.99457
0.99462
0.99468
0.99473
0.99478
0.99483
0.99488
0.99494
0.99499
0.99503
0.99508
0.99513
0.99518
0.99523
0.99528
0.99532
0.99537
0.99541
0.99546
0.99551
0.99555
0.99559
0.99564
0.99568
0.99572
0.99577
0.99581
0.99585
0.99589
0.99593
0.99597
0.99601
0.99605
0.99609
0.99613
0.99617
0.99621
0.99624
0.99628
0.99632
0.99635
0.99639
0.99643
0.99646
0.99650
0.99653
0.99657
0.99660
0.99663
0.99667
0.99670
0.99673
0.99676
0.99680
0.99683
0.99686
0.99689
0.99692
0.99695
0.99698
0.99701
0.99704
0.99707
0.99710
0.99713
0.99716
0.99719
0.99721
0.99724
0.99727
0.99730
0.99732
0.99735
0.99738
0.99740
0.99743
0.99745
0.99748
0.99750
0.99753
0.99755
0.99758
0.99760
0.99762
0.99765
0.99767
0.99770
0.99772
0.99774
0.99776
0.99779
0.99781
0.99783
0.99785
0.99787
0.99789
0.99791
0.99793
0.99796
0.99798
0.99800
0.99802
0.99804
0.99805
0.99807
0.99809
0.99811
0.99813
0.99815
0.99817
0.99819
0.99820
0.99822
0.99824
0.99826
0.99827
0.99829
0.99831
0.99833
0.99834
0.99836
0.99837
0.99839
0.99841
0.99842
0.99844
0.99845
0.99847
0.99848
0.99850
0.99851
0.99853
0.99854
0.99856
0.99857
0.99859
0.99860
0.99861
0.99863
0.99864
0.99866
0.99867
0.99868
0.99870
0.99871
0.99872
0.99873
0.99875
0.99876
0.99877
0.99878
0.99880
0.99881
0.99882
0.99883
0.99884
0.99885
0.99887
0.99888
0.99889
0.99890
0.99891
0.99892
0.99893
0.99894
0.99895
0.99896
0.99897
0.99898
0.99899
0.99900
0.99901
0.99902
0.99903
0.99904
0.99905
0.99906
0.99907
0.99908
0.99909
0.99910
0.99911
0.99912
0.99912
0.99913
0.99914
0.99915
0.99916
0.99917
0.99918
0.99918
0.99919
0.99920
0.99921
0.99922
0.99922
0.99923
0.99924
0.99925
0.99925
0.99926
0.99927
0.99928
0.99928
0.99929
0.99930
0.99930
0.99931
0.99932
0.99933
0.99933
0.99934
0.99935
0.99935
0.99936
0.99936
0.99937
0.99938
0.99938
0.99939
0.99940
0.99940
0.99941
0.99941
0.99942
0.99942
0.99943
0.99944
0.99944
0.99945
0.99945
0.99946
0.99946
0.99947
0.99947
0.99948
0.99948
0.99949
0.99949
0.99950
0.99950
0.99951
0.99951
0.99952
0.99952
0.99953
0.99953
0.99954
0.99954
0.99955
0.99955
0.99956
0.99956
0.99957
0.99957
0.99957
0.99958
0.99958
0.99959
0.99959
0.99959
0.99960
0.99960
0.99961
0.99961
0.99961
0.99962
0.99962
0.99963
0.99963
0.99963
0.99964
0.99964
0.99964
0.99965
0.99965
0.99965
0.99966
0.99966
0.99966
0.99967
0.99967
0.99967
0.99968
0.99968
0.99968
0.99969
0.99969
0.99969
0.99970
0.99970
0.99970
0.99971
0.99971
0.99971
0.99971
0.99972
0.99972
0.99972
0.99973
0.99973
0.99973
0.99973
0.99974
0.99974
0.99974
0.99974
0.99975
0.99975
0.99975
0.99975
0.99976
0.99976
0.99976
0.99976
0.99977
0.99977
0.99977
0.99977
0.99978
0.99978
0.99978
0.99978
0.99978
0.99979
0.99979
0.99979
0.99979
0.99979
0.99980
0.99980
0.99980
0.99980
0.99980
0.99981
0.99981
0.99981
0.99981
0.99981
0.99982
0.99982
0.99982
0.99982
0.99982
0.99983
0.99983
0.99983
0.99983
0.99983
0.99983
0.99984
0.99984
0.99984
0.99984
0.99984
0.99984
0.99984
0.99985
0.99985
0.99985
0.99985
0.99985
0.99985
0.99986
0.99986
0.99986
0.99986
0.99986
0.99986
0.99986
0.99987
0.99987
0.99987
0.99987
0.99987
0.99987
0.99987
0.99987
0.99988
0.99988
0.99988
0.99988
0.99988
0.99988
0.99988
0.99988
0.99988
0.99989
0.99989
0.99989
0.99989
0.99989
0.99989
0.99989
0.99989
0.99989
0.99990
0.99990
0.99990
0.99990
0.99990
0.99990
0.99990
0.99990
0.99990
0.99990
0.99991
0.99991
0.99991
0.99991
0.99991
0.99991
0.99991
0.99991
0.99991
0.99991
0.99991
0.99992
0.99992
0.99992
0.99992
0.99992
0.99992
0.99992
0.99992
0.99992
0.99992
0.99992
0.99992
0.99993
0.99993
0.99993
0.99993
0.99993
0.99993
0.99993
0.99993
0.99993
0.99993
0.99993
0.99993
0.99993
0.99993
0.99993
0.99994
0.99994
0.99994
0.99994
0.99994
0.99994
0.99994
0.99994
0.99994
0.99994
0.99994
0.99994
0.99994
0.99994
0.99994
0.99994
0.99995
0.99995
0.99995
0.99995
0.99995
0.99995
0.99995
0.99995
0.99995
0.99995
0.99995
0.99995
0.99995
0.99995
0.99995
0.99995
0.99995
0.99995
0.99995
0.99995
